{
    "の他の組織名": {
        "precision": 0.71875,
        "recall": 0.69,
        "f1": 0.7040816326530612,
        "number": 100
    },
    "ベント名": {
        "precision": 0.85,
        "recall": 0.8585858585858586,
        "f1": 0.8542713567839195,
        "number": 99
    },
    "人名": {
        "precision": 0.8170731707317073,
        "recall": 0.8663793103448276,
        "f1": 0.8410041841004183,
        "number": 232
    },
    "名": {
        "precision": 0.8985507246376812,
        "recall": 0.9376181474480151,
        "f1": 0.9176688251618871,
        "number": 529
    },
    "品名": {
        "precision": 0.6521739130434783,
        "recall": 0.5905511811023622,
        "f1": 0.6198347107438016,
        "number": 127
    },
    "治的組織名": {
        "precision": 0.916030534351145,
        "recall": 0.8275862068965517,
        "f1": 0.8695652173913042,
        "number": 145
    },
    "設名": {
        "precision": 0.7905405405405406,
        "recall": 0.8357142857142857,
        "f1": 0.8125,
        "number": 140
    },
    "overall_precision": 0.8378962536023055,
    "overall_recall": 0.847667638483965,
    "overall_f1": 0.8427536231884057,
    "overall_accuracy": 0.9683712978327551
}