{
    "の他の組織名": {
        "precision": 0.7745098039215687,
        "recall": 0.79,
        "f1": 0.7821782178217823,
        "number": 100
    },
    "ベント名": {
        "precision": 0.875,
        "recall": 0.8484848484848485,
        "f1": 0.8615384615384615,
        "number": 99
    },
    "人名": {
        "precision": 0.8291666666666667,
        "recall": 0.8577586206896551,
        "f1": 0.8432203389830508,
        "number": 232
    },
    "名": {
        "precision": 0.915129151291513,
        "recall": 0.9376181474480151,
        "f1": 0.9262371615312791,
        "number": 529
    },
    "品名": {
        "precision": 0.6,
        "recall": 0.6141732283464567,
        "f1": 0.6070038910505837,
        "number": 127
    },
    "治的組織名": {
        "precision": 0.9253731343283582,
        "recall": 0.8551724137931035,
        "f1": 0.888888888888889,
        "number": 145
    },
    "設名": {
        "precision": 0.7857142857142857,
        "recall": 0.8642857142857143,
        "f1": 0.8231292517006803,
        "number": 140
    },
    "overall_precision": 0.8447782546494993,
    "overall_recall": 0.8607871720116618,
    "overall_f1": 0.8527075812274368,
    "overall_accuracy": 0.9712877759340273
}