{
    "の他の組織名": {
        "precision": 0.7428571428571429,
        "recall": 0.78,
        "f1": 0.7609756097560977,
        "number": 100
    },
    "ベント名": {
        "precision": 0.845360824742268,
        "recall": 0.8282828282828283,
        "f1": 0.836734693877551,
        "number": 99
    },
    "人名": {
        "precision": 0.8097165991902834,
        "recall": 0.8620689655172413,
        "f1": 0.8350730688935283,
        "number": 232
    },
    "名": {
        "precision": 0.9055555555555556,
        "recall": 0.9243856332703214,
        "f1": 0.9148737137511693,
        "number": 529
    },
    "品名": {
        "precision": 0.6178861788617886,
        "recall": 0.5984251968503937,
        "f1": 0.6080000000000001,
        "number": 127
    },
    "治的組織名": {
        "precision": 0.9154929577464789,
        "recall": 0.896551724137931,
        "f1": 0.9059233449477352,
        "number": 145
    },
    "設名": {
        "precision": 0.8,
        "recall": 0.8571428571428571,
        "f1": 0.8275862068965518,
        "number": 140
    },
    "overall_precision": 0.8368945868945868,
    "overall_recall": 0.8564139941690962,
    "overall_f1": 0.846541786743516,
    "overall_accuracy": 0.9710363554080556
}